219|2023|7|28|8|2|entrance|1M92998
220|2023|7|28|8|2|entrance|N507616
221|2023|7|28|8|2|exit|1M92998
222|2023|7|28|8|2|exit|N507616
223|2023|7|28|8|7|entrance|7Z8B130
224|2023|7|28|8|7|exit|7Z8B130
225|2023|7|28|8|13|entrance|47MEFVA
226|2023|7|28|8|13|exit|47MEFVA
227|2023|7|28|8|15|entrance|D965M59
228|2023|7|28|8|15|entrance|HW0488P
229|2023|7|28|8|15|exit|D965M59
230|2023|7|28|8|15|exit|HW0488P
231|2023|7|28|8|18|entrance|L93JTIZ
232|2023|7|28|8|23|entrance|94KL13X
233|2023|7|28|8|25|entrance|L68E5I0
234|2023|7|28|8|25|entrance|HOD8639
235|2023|7|28|8|25|exit|HOD8639
236|2023|7|28|8|34|exit|L68E5I0
237|2023|7|28|8|34|entrance|1106N58
238|2023|7|28|8|34|entrance|W2CT78U
239|2023|7|28|8|34|exit|W2CT78U
240|2023|7|28|8|36|entrance|322W7JE
241|2023|7|28|8|38|entrance|3933NUH
242|2023|7|28|8|38|exit|3933NUH
243|2023|7|28|8|42|entrance|0NTHK55
244|2023|7|28|8|44|entrance|1FBL6TH
245|2023|7|28|8|44|exit|1FBL6TH
246|2023|7|28|8|49|entrance|P14PE2Q
247|2023|7|28|8|49|exit|P14PE2Q
248|2023|7|28|8|50|entrance|4V16VO0
249|2023|7|28|8|50|exit|4V16VO0
250|2023|7|28|8|57|entrance|8LLB02B
251|2023|7|28|8|57|exit|8LLB02B
252|2023|7|28|8|59|entrance|O784M2U
253|2023|7|28|8|59|exit|O784M2U
254|2023|7|28|9|14|entrance|4328GD8
255|2023|7|28|9|15|entrance|5P2BI95
256|2023|7|28|9|20|entrance|6P58WS2
257|2023|7|28|9|28|entrance|G412CB7
258|2023|7|28|10|8|entrance|R3G7486
259|2023|7|28|10|14|entrance|13FNH73
260|2023|7|28|10|16|exit|5P2BI95
261|2023|7|28|10|18|exit|94KL13X
262|2023|7|28|10|18|exit|6P58WS2
263|2023|7|28|10|19|exit|4328GD8
264|2023|7|28|10|20|exit|G412CB7
265|2023|7|28|10|21|exit|L93JTIZ
266|2023|7|28|10|23|exit|322W7JE
267|2023|7|28|10|23|exit|0NTHK55
268|2023|7|28|10|35|exit|1106N58
269|2023|7|28|10|42|entrance|NRYN856
270|2023|7|28|10|44|entrance|WD5M8I6
271|2023|7|28|10|55|entrance|V47T75I
272|2023|7|28|11|6|entrance|4963D92
273|2023|7|28|11|13|entrance|C194752
274|2023|7|28|11|52|entrance|94MV71O
275|2023|7|28|12|20|entrance|FLFN3W0
276|2023|7|28|12|49|entrance|207W38T
277|2023|7|28|13|8|entrance|RS7I6A0
278|2023|7|28|13|30|entrance|4468KVT
279|2023|7|28|13|42|entrance|NAW9653
280|2023|7|28|14|18|exit|NAW9653
281|2023|7|28|15|6|exit|RS7I6A0
282|2023|7|28|15|16|exit|94MV71O
283|2023|7|28|16|6|exit|WD5M8I6
284|2023|7|28|16|38|exit|4468KVT
285|2023|7|28|16|42|exit|207W38T
286|2023|7|28|16|47|exit|C194752
287|2023|7|28|17|11|exit|NRYN856
288|2023|7|28|17|15|exit|13FNH73
289|2023|7|28|17|16|exit|V47T75I
290|2023|7|28|17|18|exit|R3G7486
291|2023|7|28|17|36|exit|FLFN3W0
292|2023|7|28|17|47|exit|4963D92
5P2BI95
94KL13X
6P58WS2
4328GD8
G412CB7
L93JTIZ
322W7JE
0NTHK55
1106N58
NRYN856
WD5M8I6
